[ETF]
Fundid1=518881
CreationRedemptionUnit=300000
MaxCashRatio=1.00000
Publish=1
CreationRedemption=1
Recordnum=1
EstimateCashComponent=-9445.37
TradingDay=20190704
PreTradingDay=20190703
CashComponent=-9445.37
NAVperCU=944554.63
NAV=3.1485
TAGTAG
Au9999|»Æ½ð9999|    3000|5|0.10000|  954000.000|
ENDENDEND
